3000
0
1140
2137
1538
2877
667
699
331
2514
458
1900
2274
837
1209
2360
166
2309
1584
448
2648
1299
2561
1845
1614
2215
1949
2185
1016
1567
2367
1535
46
1226
705
1518
719
1947
2124
2139
2174
1684
1947
1512
1912
827
131
1998
619
2717
802
1227
179
1215
309
1092
189
336
1326
1719
828
2509
228
1230
2439
2297
1172
1487
421
2942
1105
504
2499
1455
2072
1646
2820
2507
1872
1611
1250
1295
2053
2939
1855
2242
303
2995
2799
317
2729
1383
2460
1690
2103
2095
158
100
1308
2987
2862
491
993
1962
2637
189
969
2956
2602
224
468
39
230
537
95
272
1686
164
1210
639
1961
1913
2697
1316
183
2790
820
1840
1034
1044
2737
1015
1269
1116
26
222
807
1183
204
1533
745
128
1943
729
777
403
2753
1477
2495
2960
135
1895
2630
1032
178
2168
399
2591
407
1248
2181
2071
2610
1282
575
1892
1745
991
2726
1597
2497
395
428
2440
1348
2871
2315
1564
2415
947
2168
372
2365
2896
447
1041
1642
448
1788
2172
1328
966
434
2656
1801
1850
2251
2100
145
2916
910
2528
789
2391
2487
1026
1316
1700
722
2246
2824
2456
934
1991
2292
189
375
2472
143
1591
434
299
1203
1665
699
720
672
2607
2548
673
2675
2165
1506
2590
89
1668
1959
1163
114
136
479
1821
893
427
2905
658
2587
177
599
2052
2632
1997
2573
2794
2199
1665
1284
2223
338
667
1734
93
2571
1872
2433
2491
178
728
878
960
230
2712
1390
2561
2594
624
824
2557
682
82
1220
1284
737
848
1137
371
2105
1441
2820
477
1986
784
6
587
2567
1216
2731
212
2026
1263
949
414
1419
358
2346
523
686
2246
123
2151
1545
1355
1556
2794
2745
743
2483
2029
1879
1181
2511
610
462
1122
2270
2016
1494
1022
571
1074
2132
1170
2808
1476
1133
597
1224
261
2897
1469
1185
2430
1992
2728
54
2264
1568
2837
135
670
1446
2692
1197
2889
2784
2714
843
844
499
215
915
2012
1302
1334
1126
683
102
294
404
2914
1477
1300
562
1524
1893
1012
699
1796
655
1894
32
2974
2420
1549
486
407
405
2228
1239
570
2589
1513
1797
118
2749
110
1493
450
1449
1202
76
2169
2664
2900
2284
2068
1186
473
1955
1568
852
1270
1752
2569
344
892
1957
1810
424
2828
645
359
1388
1965
2419
2064
2911
2392
2814
1794
2405
60
1209
1980
2764
2347
2188
88
534
1220
2242
2748
2778
2175
2785
370
2220
534
2938
2981
302
160
1246
2104
332
255
1699
1789
2767
1878
1977
1172
345
78
425
2775
824
1251
1979
2241
1901
276
1489
2710
762
2488
2776
2592
2845
1113
2509
2885
2102
587
1642
859
608
1330
1525
2914
537
1078
957
712
396
540
822
2835
2876
526
1392
2439
1684
344
20
1502
1701
2366
2415
1020
234
1468
1441
853
325
2984
2396
1022
203
2892
2826
1186
2275
680
2747
1290
2294
619
2932
2291
2788
407
195
2469
2381
1892
806
675
51
1988
1339
1943
1493
558
710
2914
955
642
1778
603
2162
43
737
1799
2270
1974
2157
2548
270
766
243
2645
104
1645
1252
756
1229
314
303
1910
1530
2315
2702
2654
1896
1625
1063
2807
1222
1857
1447
2559
1191
2307
2065
1810
597
2879
2179
929
115
526
2055
2047
2855
2179
1766
571
785
694
1692
525
1141
2476
2778
1847
2804
2481
2680
2117
2270
522
499
1137
995
866
1387
2319
4
1425
24
1204
668
1291
1523
933
204
1676
1009
2924
1534
2468
1282
2049
1025
2103
572
676
1433
1190
1808
2542
2210
659
863
1948
233
1996
2459
909
1483
1637
1076
428
202
396
2891
2381
1039
453
2631
2871
819
2286
517
911
424
1583
2411
233
1786
2039
387
880
2361
2152
1564
1530
2705
557
1671
457
2343
1464
2147
5
1106
2001
175
1050
1297
289
1581
395
2403
1539
2160
2246
1859
1226
1888
2803
2744
362
1196
1546
737
2489
2611
2528
1689
1478
2834
2684
2622
1026
2502
967
247
2280
2790
292
428
1163
2245
216
1779
785
2869
1708
1840
2486
1083
71
2663
976
1840
907
2254
26
2586
156
1548
1624
2998
1677
1550
2405
2915
1066
1091
2837
2071
1015
1829
1516
624
1349
608
1134
1672
1979
2606
1416
337
2669
1868
868
1967
2454
273
338
773
644
912
1180
1995
885
914
2445
1864
2135
1860
1491
685
1656
1649
884
2657
1750
2176
2062
22
2367
2466
2317
2104
2822
1323
2229
2864
1888
2790
2268
1283
1117
2200
1834
2875
193
1339
1001
264
2508
1486
1238
356
1397
510
1847
2050
903
95
632
1287
97
2179
1063
417
68
2319
2010
2927
2540
776
972
2525
1593
111
133
1296
1136
1224
1758
2989
1053
2066
1392
2445
2042
2616
1711
1647
1258
1726
45
538
1688
114
2577
2573
106
394
197
2363
2892
1294
2346
2016
2350
2815
500
29
2498
2043
794
1886
1906
785
465
1336
2535
1828
2511
1962
770
732
1126
854
2242
2336
1398
1133
1246
1303
2406
2798
1174
1080
4
149
2406
1568
84
2839
583
2353
1844
883
992
451
2444
2230
1187
676
2116
141
1117
2865
1896
1284
2156
1321
340
2948
1313
1270
1093
1651
2423
2049
1610
2585
2966
665
2481
1506
207
1362
934
224
1664
2449
535
1863
1266
312
682
1357
1204
1418
1173
2240
1261
1482
2648
1573
2915
50
2534
2787
2268
2753
61
1115
2278
97
1480
1268
2803
2667
2267
260
23
2896
2822
592
2589
2983
57
584
1776
1323
1186
2861
2480
1630
2857
2935
1357
473
1121
2404
1991
1702
2048
10
417
56
1295
439
2145
1560
1745
1865
32
393
22
1666
2940
2422
1943
1255
1805
1106
2686
1882
146
316
1735
1667
307
1880
1215
1184
2879
532
242
450
2841
1539
1498
2858
2575
1136
2030
2341
1898
1758
388
349
630
1019
2537
1828
2136
1576
707
2148
1567
1824
27
1444
1749
2906
1350
186
2371
2271
1945
79
2256
1956
1656
2330
174
2382
914
1452
1868
251
452
1342
1697
1226
2999
2671
137
959
2045
2566
977
2417
1344
2237
20
1121
1314
1878
2250
545
1884
2379
2078
2621
56
38
1338
1691
395
2615
2101
905
1459
36
795
1040
565
850
2449
1172
1050
161
1456
530
725
336
2979
948
476
1832
2
2114
356
477
1113
1253
2918
1807
2511
2782
1541
668
1216
459
2111
2566
691
519
2532
1281
13
2334
1572
1147
1030
379
1058
2740
1815
2836
1163
1011
490
495
2145
1741
1527
323
407
1082
1562
2221
2573
1519
2942
2691
2587
19
1698
435
913
1660
2067
2368
2649
2818
2858
1621
1693
458
2928
1540
1273
1296
1907
1700
1913
419
1537
984
2237
2770
1160
1103
1187
1440
1772
2744
1916
994
515
657
1328
339
2522
1960
697
325
44
2693
250
1766
2450
2253
2482
991
643
1888
694
2108
2352
358
2254
1164
1288
378
1474
2750
1845
2231
2466
2333
2414
848
150
2543
1829
2332
1964
2831
955
1599
1452
2303
2349
422
1929
2054
1593
2487
1317
2518
1232
1383
2670
2400
798
237
1126
486
757
587
268
2728
1625
2313
536
904
443
282
2202
1342
1562
1579
110
1570
152
1368
479
2017
533
2457
1290
1277
276
1667
2269
778
1194
2642
953
1089
2594
232
1668
915
2442
1693
1407
1261
1297
478
569
2509
699
487
404
1186
2554
1805
2178
801
567
2751
2823
1093
1453
1572
1831
1233
1458
280
2360
233
1923
1755
1238
972
142
2706
1416
395
2399
200
2309
711
664
2585
2388
1805
1171
1941
1338
816
288
900
2958
2088
186
156
1408
2264
1472
913
753
2891
307
2147
974
846
1590
2380
243
2435
499
1881
2049
562
724
415
2025
856
16
345
334
1175
18
1512
1360
2418
2710
980
742
1148
1816
1046
247
816
1841
1993
1180
1703
1226
455
522
1669
1082
2093
2382
224
1156
1116
2921
464
1730
1183
709
1982
795
1074
2507
2961
1467
2113
2277
1993
125
1236
2502
2796
1730
75
302
2562
2308
750
2395
1229
2985
105
2427
335
2714
1729
296
574
904
1283
2036
395
1034
1640
125
780
715
1864
1734
480
114
1261
1394
2257
603
2399
1240
2361
1316
609
549
2884
29
2621
1849
120
2379
869
1771
1793
1124
2376
1580
1195
933
1677
2727
2363
231
1697
2682
939
2210
2267
1676
484
560
886
1979
1555
81
911
450
660
2081
1217
1380
2889
651
1603
486
437
789
1942
2842
1477
137
1592
404
924
716
2887
427
998
989
691
1342
752
1988
1809
2283
745
504
2941
2911
726
2128
2872
1423
564
1700
2129
526
2648
91
2305
2320
1787
2957
751
142
1544
539
1387
473
2269
2003
1507
455
2854
1496
1342
894
33
2592
445
2429
224
435
1836
1655
2083
1308
319
750
965
2079
1898
1215
679
444
2021
954
401
837
779
484
1843
2800
1875
592
722
1043
1755
1026
2737
495
676
2380
1806
1669
1963
961
2572
2154
366
611
772
2188
569
1553
810
18
2726
447
10
2006
2835
381
2679
1700
1327
141
873
496
2775
1352
2633
2698
1124
2588
2688
1991
1458
2100
169
22
617
479
1343
934
1837
1087
1842
1048
1586
223
2634
911
624
1574
2403
1485
55
456
2504
1107
1840
2865
2173
2440
1073
632
1418
2852
948
526
96
1703
2935
1402
29
2037
1638
1842
2275
1979
2668
2437
1364
1987
2954
22
1872
2217
1655
11
2545
632
1208
1420
23
668
241
281
712
404
818
248
2941
249
1748
560
2373
450
303
1036
1866
972
2815
938
1101
32
1142
1609
1856
1592
2534
1806
2621
879
498
2314
1235
608
2116
1313
165
1093
2225
191
350
597
946
2980
2756
2505
2096
158
236
1983
976
1578
674
891
971
576
553
1614
1105
1164
303
2461
326
1589
2683
965
1012
841
2728
183
765
1054
1814
1331
441
508
2599
2847
1205
1588
263
2538
173
1323
2534
2302
1300
1166
2291
853
1106
1789
70
2992
2858
1264
678
1985
2234
2306
1707
1433
614
949
461
876
2510
1204
2619
1277
880
1015
2665
2852
13
1113
722
2304
562
1507
2659
426
384
1492
283
195
1309
1727
2718
2472
1105
2919
2241
993
503
1901
2168
2981
1405
352
297
591
2152
2883
2687
2577
274
558
712
2927
1650
100
842
534
1310
2491
1303
2983
1977
2280
287
973
1111
2328
1837
2300
1984
1488
1208
677
1554
1424
2586
711
2997
793
1943
741
963
2199
139
54
2365
1203
762
2961
1272
770
1382
1277
1860
2251
671
2285
2113
2711
1286
1455
2189
1743
1524
2539
2151
418
1558
704
1522
1660
595
1628
2330
384
2769
1444
139
2771
719
1108
1798
946
438
1632
1678
1846
2251
1445
283
280
296
2768
1726
861
2308
937
396
1779
2252
1666
814
353
2649
1218
2309
1183
376
2679
2942
237
2940
2251
1639
1843
1917
535
885
2393
1662
320
2340
2257
2760
1901
2570
1478
1282
2386
1276
1326
1199
2442
2703
553
2004
729
924
629
372
1038
1513
2544
1520
1503
35
2614
138
2736
2441
2775
1672
646
1355
484
2872
855
246
1109
2394
247
1700
52
2534
2261
925
2005
1485
2021
2741
1856
2955
608
888
1684
1811
1043
134
860
588
1889
2717
1106
1187
1638
749
1691
2684
277
2061
243
1077
454
2089
2810
829
2923
678
984
1872
2044
1991
2101
769
2435
1461
2583
91
2605
2228
1025
580
1959
2644
2365
1903
435
1827
1011
611
446
1976
2661
344
2146
336
1667
879
2982
833
1716
758
1008
1090
1002
2328
534
1185
8
1080
1808
341
294
1520
429
895
2689
1861
960
684
615
1571
610
173
1465
1499
231
103
1315
1613
1124
1317
2250
1100
2453
1015
2056
1519
2365
1275
139
1472
2081
2918
1092
2359
1350
1971
1748
1584
995
1320
2076
835
2506
2630
1195
1127
1646
2165
2646
1533
579
1365
757
2620
1867
1682
298
1405
2129
892
285
2525
1630
1690
1394
2397
1580
2136
1558
2492
528
2188
2161
1251
1390
654
2002
2835
1061
360
950
1543
1270
2181
1849
786
2398
2122
1482
1792
183
732
2395
1522
1395
2049
1556
2002
1744
243
1305
1756
49
2752
1650
850
1194
2719
552
2861
1280
1617
2041
1266
1129
1155
2879
2811
2108
2486
2658
219
972
2642
1575
706
2489
620
2592
2508
1337
1439
23
485
2242
2678
2932
2026
1291
1342
147
330
176
2652
2071
1074
2648
642
2976
2249
2689
2510
720
2979
2492
2959
0
2659
1839
1225
1746
2674
19
1399
1089
1630
2369
2512
2697
2975
2287
1907
1628
2870
322
1453
2551
1137
508
975
1272
350
2285
2591
2910
2890
1161
2139
259
885
2661
2188
168
2060
43
478
2941
2343
742
691
1476
438
145
1240
2712
2829
1443
2415
1448
1515
2056
1081
1105
360
43
1974
1000
1724
900
919
2513
1387
328
2701
1943
1315
2775
2972
2713
707
516
1884
2263
1794
2541
1994
2268
2158
1228
2405
2236
1293
153
1167
1308
343
711
720
287
916
2802
2317
2409
205
1640
2902
1733
1497
278
1017
318
1061
1622
877
808
18
1175
2894
215
554
1680
1942
478
879
2279
2096
2570
1403
2540
1788
1118
2563
377
1916
1434
2525
1917
2167
322
1426
1238
2329
1941
2358
845
1223
17
754
2532
437
575
43
2134
807
2283
63
129
1776
101
2299
1264
454
2368
1465
2282
2303
147
655
2086
1047
2819
2431
1346
351
451
2726
652
1352
161
677
1320
100
1673
932
2808
2098
1857
1076
811
62
2120
1418
2607
2359
2704
362
530
560
1750
594
2055
596
1665
2786
93
197
1067
1959
835
2560
523
1951
126
817
2456
2017
2988
2574
933
1790
1111
788
1752
1303
2643
533
495
1730
2470
2925
160
1613
2373
2311
727
738
1045
236
2953
2762
880
2962
1221
2941
189
915
2442
1074
322
2038
2104
2434
2552
2424
2674
2146
82
2275
209
422
776
2677
433
1277
2814
1204
477
1168
1144
788
616
1766
1375
120
195
836
1038
1178
119
113
1671
2076
379
1720
674
688
1539
2497
2493
2052
2131
1400
884
1124
899
2062
1731
1554
2067
2780
1704
1069
1612
910
715
2597
594
598
557
1164
770
702
1393
698
1182
1954
1323
474
1977
2125
1451
1395
908
2651
486
993
2972
497
2075
2880
113
2395
1015
1013
1950
807
173
154
363
407
1776
2670
1539
1816
168
2584
150
620
2580
401
151
1295
2589
1468
2445
381
2123
2509
1548
1754
2014
718
2896
1284
2055
2620
1945
1120
2492
2306
657
2697
1626
1138
382
2087
2667
1091
1252
1675
2924
2908
1766
2922
663
2761
2471
1041
2995
1771
2796
552
994
662
1009
1980
1576
1274
2835
1894
675
2194
2905
2907
1268
1823
1420
1751
1838
700
851
577
182
2988
659
1445
1005
107
175
774
1151
1200
2469
2817
347
791
139
729
2045
1322
1580
2495
2265
1508
1014
2916
1578
254
1910
2412
2496
1869
2453
2036
1037
356
808
2807
844
1799
2074
2154
563
2754
1461
1769
2630
1747
1070
517
1314
116
2944
2586
2451
2079
758
1494
572
1576
2668
2146
911
1228
2171
722
1834
2161
2095
135
1956
1561
1652
602
2224
1180
2134
1471
2473
205
2848
2097
1368
2800
271
2533
1719
401
257
1512
1115
1453
916
1903
2056
1967
2918
846
504
263
209
71
1921
1489
595
826
2932
1362
551
228
55
2097
2377
1127
2134
45
2057
2360
2912
2916
936
1143
2196
2510
1757
160
1082
1219
2801
2034
732
2085
2466
2322
54
19
1418
2977
510
356
1184
362
2589
1435
1524
297
366
2477
2996
1724
579
2657
2769
2389
256
1504
2948
1782
1948
1339
2678
1953
466
740
392
396
2071
261
2711
956
499
1802
1736
219
509
654
2208
1020
2537
2644
1862
1402
1138
1097
1238
2036
612
2090
2517
1219
2339
316
1227
785
1096
2192
1485
2597
2819
833
1066
1128
833
1213
1473
2679
2726
1217
2349
983
2963
104
2121
1661
1572
2555
256
1284
1535
878
914
550
1969
2519
1420
1662
1615
2017
1194
645
1350
2307
698
2608
2461
728
280
1418
460
649
424
324
2106
1768
597
2531
956
917
164
214
914
692
525
1674
2221
359
1132
108
1247
761
1286
37
612
2584
1147
2443
283
2404
2876
638
2574
2249
1474
1159
399
2515
1605
1601
129
271
1622
160
200
2137
1709
696
2017
343
1357
1312
1532
1665
312
2180
1602
1354
909
1052
1071
360
289
2363
932
2227
2196
56
157
2703
2065
2280
415
2008
2185
1394
420
1488
1747
182
2143
492
2182
822
609
212
2284
1386
2142
2982
1836
1504
1809
753
2464
2892
667
2463
2059
1608
2029
550
391
738
2545
1723
2288
2881
2766
2676
2602
1470
2503
104
2688
12
2216
270
1484
2642
2375
1523
2628
54
1378
1125
1579
2936
986
853
610
2782
2881
2551
15
2040
2530
37
2696
68
1551
2060
2553
626
