1000
303
253
374
457
249
563
344
944
412
239
89
267
654
9
706
690
244
360
772
779
622
254
266
449
579
139
51
704
463
443
129
698
862
362
767
495
523
847
497
427
465
951
490
318
191
616
834
711
90
139
907
348
530
944
628
396
589
53
899
350
505
459
270
204
967
854
932
662
935
710
551
302
142
591
924
721
419
967
288
110
100
860
994
611
673
456
905
151
295
516
663
352
176
265
507
155
494
761
371
663
936
582
143
111
705
452
745
481
116
345
440
690
565
842
520
118
18
501
677
702
189
364
15
558
373
749
703
705
227
864
876
138
383
646
991
37
416
248
258
57
747
279
333
229
415
965
277
766
311
609
543
619
35
60
271
104
576
326
752
137
713
3
436
815
526
206
176
703
724
864
140
524
357
461
301
685
918
543
105
235
166
897
352
235
103
706
211
782
534
369
284
126
360
856
350
763
208
839
241
770
75
271
207
480
83
700
46
386
176
148
207
362
863
195
708
684
884
609
536
674
64
836
278
789
901
182
241
488
965
586
125
75
878
160
464
118
372
37
686
633
509
26
382
945
522
84
267
131
244
401
590
563
410
303
908
734
496
277
828
897
600
728
249
963
539
178
753
625
441
455
823
889
241
335
48
786
502
932
179
665
305
584
147
918
166
200
91
47
905
169
180
744
284
715
184
270
840
379
281
165
147
657
128
110
865
491
398
593
296
974
29
436
484
226
475
598
178
245
235
726
61
939
779
53
345
220
953
891
921
27
453
528
569
519
773
730
986
108
644
521
675
885
221
150
13
307
491
257
530
624
701
268
175
310
235
911
198
385
572
748
823
691
852
566
765
457
793
715
746
820
258
849
556
861
317
79
105
688
677
701
204
903
159
478
429
737
784
686
769
977
23
80
999
449
77
437
586
315
875
203
122
319
346
266
565
912
666
373
306
667
321
223
776
893
905
741
722
489
877
37
344
19
430
492
911
88
888
20
745
435
279
439
405
958
163
795
264
713
816
464
953
993
932
215
294
199
958
797
57
622
291
117
976
771
470
886
598
877
340
132
725
703
218
213
284
519
839
962
176
41
622
934
609
682
87
519
656
623
399
510
537
350
864
47
788
388
494
539
128
977
685
77
86
111
842
96
516
988
541
842
123
101
199
904
623
979
916
957
19
775
238
945
954
539
718
913
745
747
685
285
754
86
822
80
548
880
75
87
908
704
831
354
285
268
236
821
3
842
914
52
661
433
347
597
253
440
45
251
347
597
474
599
708
800
846
392
185
300
249
132
333
37
94
715
38
180
477
11
590
446
189
440
910
374
414
965
178
609
747
782
492
9
2
964
306
571
775
351
225
514
251
954
300
87
309
520
206
505
534
208
241
107
288
921
477
683
714
412
24
135
410
711
31
566
953
581
781
826
462
773
656
780
587
448
42
626
32
78
101
498
721
563
661
755
180
361
600
527
714
1
9
867
394
501
909
444
723
608
516
496
107
19
706
864
78
470
473
967
276
465
776
81
426
452
785
248
105
968
340
233
432
288
626
572
501
368
373
712
971
568
530
68
715
536
808
234
217
787
244
384
522
992
752
318
336
327
924
426
100
932
801
836
577
932
229
727
49
602
25
13
59
336
797
27
837
28
495
26
852
45
389
98
390
70
666
623
789
376
642
282
888
957
242
823
111
837
585
236
933
218
868
650
282
420
884
714
311
103
638
690
913
720
168
831
671
425
527
794
404
904
765
924
543
994
660
438
154
872
742
743
510
868
98
617
141
542
367
872
648
702
499
748
318
729
196
320
485
11
500
958
703
433
717
568
235
430
149
755
234
841
525
969
912
719
413
843
609
880
921
674
929
23
14
625
692
39
886
480
993
129
505
422
695
645
110
195
270
263
850
58
206
327
647
838
69
530
873
408
238
114
459
389
35
683
898
210
338
128
853
226
775
418
106
356
355
322
603
744
108
963
989
371
126
256
283
497
496
408
203
418
920
540
577
834
107
624
751
904
869
821
683
105
590
417
627
194
830
276
345
390
853
627
789
355
432
102
821
882
511
745
584
898
695
141
65
623
632
997
589
609
419
118
268
623
761
600
89
8
941
533
172
887
222
959
860
569
63
463
257
235
280
711
402
316
283
186
811
503
270
859
949
405
305
373
525
102
374
529
872
519
226
524
487
561
376
587
366
782
85
678
284
279
520
222
680
831
792
715
588
288
150
659
923
514
713
714
442
812
151
308
116
743
792
96
161
729
166
209
553
262
566
204
734
950
420
193
384
348
85
869
